11111111111111111111111111111111111111
13221222222222211222211222222222212231
12221211111111222211222211111111212221
12222222222222211211211222222222222221
11112111121111212222221211112111121111
01222221222122222111122222122212222210
01211122212221212222221212221222111210
01222221212111210111101211121212222210
01212112222222000000000022222221121210
11212122121212101199110121212122121211
00212121121222101000010122212112121200
11212221121211101567810111212112221211
01212122122222101111110122222122121210
01222112221112000000000021112221122210
01212222122222111111111122222122221210
01211212112112122211222121121121211210
11222212222222221242212222222221222211
12211212112111211211211211121121211221
13221222222222222211222222222222212231
11111111111111111111111111111111111111