11111111111111111111111111111111111111
13221222222222222222222222222222212231
12221211211112121111112121111211212221
12222222222212122211222121222222222221
11112121121222211222211222212112121111
00222222221211211111111211212222222200
11211212122222222222222222222121211211
01222212221112111011011121112221222210
11212112122212000000000021222121121211
00212112121222101199110122212121121200
11212222221121101222210112112222221211
01222121121121101567810112112112122210
11212122222222001111110022222222121211
00212221212112100000000121121212221200
11212121222222201111110222222212121211
01222121121121222211222212112112122210
11212222121221211242211212212122221211
12211212121211222211222211212121211221
13221222221222211211211222212222212231
11111111111111111111111111111111111111